0
pushim
[38161, -0.001214810531681179]
100011011

1
jmpim
[555955, -0.001214810531681179]
01111

2
pushptr
[36225, -0.001214810531681179]
100001100

3
jmpptr.
[239982, -0.001214810531681179]
001000

4

[1039776, -0.001214810531681179]
0011

5
movreg8ptr
[2039011, -0.001214810531681179]
010

6
movptrreg8
[817560, -0.001214810531681179]
11100

7
movreg4ptr
[441320, -0.001214810531681179]
111101

8
movptrreg4
[246450, -0.001214810531681179]
001011

9
xorreg8ptr
[136162, -0.001214810531681179]
0110110

10
jeim
[668737, -0.001214810531681179]
10100

11
leave
[62592, 0.6081855439620245]
01101000

12
ret
[162561, -0.001214810531681179]
1001111

13
leareg8im
[554752, -0.001214810531681179]
01110

14
movreg8reg8
[1625325, -0.001214810531681179]
1101

15
movreg8im
[47566, -0.001214810531681179]
101101110

16
movreg4reg4
[410832, -0.001214810531681179]
111010

17
callim
[895281, -0.001214810531681179]
11111

18
callim.
[191417, -0.001214810531681179]
1100001

19
jmpptr
[184433, -0.001214810531681179]
1011100

20
movreg4im
[948063, -0.001214810531681179]
0001

21
movptrim
[392076, -0.001214810531681179]
110001

22
movsxdreg8reg4
[64614, -0.001214810531681179]
01101010

23
addreg8reg8
[216334, -0.001214810531681179]
1110111

24
shlreg8im
[96467, -0.001214810531681179]
11001000

25
pushreg8
[526255, -0.001214810531681179]
01100

26
subreg8im
[198051, -0.001214810531681179]
1100101

27
cmpptrim
[375695, -0.001214810531681179]
101111

28
jnsim
[13781, 0.11809931207799448]
0000001010

29
cmpptrreg4
[8375, 0.30224821380329925]
01101011101

30
jbim
[52981, -0.001214810531681179]
111011001

31
addreg4im
[49904, -0.001214810531681179]
110011100

32
movabsreg8im
[27535, -0.001214810531681179]
000000100

33
cmpptrreg8
[52497, 0.19855977696479224]
111011000

34
jbeim.
[20664, -0.001214810531681179]
1010100010

35
nop
[68634, -0.001214810531681179]
01101111

36
xorreg4reg4
[434101, -0.001214810531681179]
111100

37
testreg4reg4
[187271, -0.001214810531681179]
1011101

38
jeim.
[159762, -0.001214810531681179]
1001101

39
jneim
[476874, -0.001214810531681179]
00001

40
jneim.
[122350, -0.001214810531681179]
0010100

41
leareg4im
[57904, -0.001214810531681179]
00100100

42
cqo
[1329, 0.8994557023368495]
10101010101010

43
idivreg8
[1305, 0.9294189257142927]
10101000111100

44
cmpreg8reg8
[294824, -0.001214810531681179]
100010

45
jgeim.
[1347, 0.44886449515623633]
10110110000010

46
subreg4im
[30139, 0.09630218298315023]
001001010

47
ret.
[101705, -0.001214810531681179]
11001101

48
popreg8
[609320, -0.001214810531681179]
10010

49
movzxreg4ptr
[276153, -0.001214810531681179]
100000

50
xorreg4im
[24616, 0.08432088570003587]
1100100101

51
testreg1reg1
[172240, -0.001214810531681179]
1011010

52
subreg8reg8
[74562, -0.001214810531681179]
10001100

53
sarreg8im
[19429, -0.001214810531681179]
1001110000

54
shrreg8im
[27959, -0.001214810531681179]
000000110

55
testreg8reg8
[345702, -0.001214810531681179]
101011

56
jmpreg8.
[4426, -0.001214810531681179]
100001000111

57
cmpreg4im
[150461, -0.001214810531681179]
1000111

58
addptrim
[74230, 0.21421172250758838]
10000111

59
cdqe
[24917, 0.19664235891907048]
1100100111

60
addreg8im
[354060, -0.001214810531681179]
101100

61
movapsptrxmm0
[2895, 0.0036649540864053644]
1011011110000

62
movapsptrxmm1
[2415, 0.0036649540864053644]
1001100000110

63
movapsptrxmm2
[2172, 0.0036649540864053644]
0110111011101

64
movapsptrxmm3
[2248, 0.0036649540864053644]
1000010111001

65
movapsptrxmm4
[2221, 0.0036649540864053644]
1000010111000

66
movapsptrxmm5
[2172, 0.0036649540864053644]
0110111011110

67
movapsptrxmm6
[2172, 0.0036649540864053644]
0110111011111

68
movapsptrxmm7
[2172, 0.0036649540864053644]
1000010001000

69
jbeim
[106127, -0.001214810531681179]
11101101

70
cmpreg8ptr
[84846, 0.12615695474761793]
10101011

71
jaeim
[102919, -0.001214810531681179]
11001111

72
movptrreg1
[121841, -0.001214810531681179]
0010011

73
setnereg1
[79626, -0.001214810531681179]
10011001

74
movzxreg4reg1
[83698, -0.001214810531681179]
10101001

75
addptrreg8
[19383, 0.35401112915777055]
1001100001

76
jmpim.
[95419, -0.001214810531681179]
11000000

77
jmpreg8
[3576, -0.001214810531681179]
000001010100

78
notreg4
[7098, 0.30224821380329925]
00000101001

79
andreg4reg4
[20302, 0.25600302585066204]
1001110011

80
cmpreg4ptr
[10099, 0.06270973668735853]
10011100101

81
jlim
[5937, 0.3708246281674207]
101101111001

82
orptrreg4
[3290, 0.9398843593924577]
1100111011111

83
orptrim
[6245, 0.5526682161121932]
110010011010

84
mulptr
[2174, 0.5795403625124946]
1000010001010

85
jnoim
[2192, 0.6081855439620245]
1000010001100

86
movsxreg4reg1
[13330, 0.146128035678238]
0000000010

87
jaim
[100411, -0.001214810531681179]
11001100

88
cmpreg1im
[80057, -0.001214810531681179]
10011101

89
andreg8ptr
[2778, 1.0613065222779205]
1011011000110

90
andreg4im
[117149, -0.001214810531681179]
0000011

91
jaeim.
[29146, -0.001214810531681179]
000001011

92
jsim
[22063, 0.09934987606515552]
1011011001

93
movptrreg2
[7474, 0.5152417181715696]
00100101100

94
cmpreg1reg1
[16829, 0.18718023122129349]
0110101111

95
movzxreg4reg2
[4280, 0.5749446108233455]
011011101100

96
subreg4ptr
[5588, 0.6776069527204931]
101101101011

97
jaim.
[21857, -0.001214810531681179]
1010101011

98
orreg4im
[18131, 0.04887753305501205]
1000011010

99
nopptr
[95500, -0.001214810531681179]
11000001

100
cmpreg8im
[124054, -0.001214810531681179]
0010101

101
setereg1
[39075, -0.001214810531681179]
100110001

102
addptrreg4
[4501, 1.0341542762343057]
100001011101

103
nop.
[4806, 0.24947215869170433]
100110000010

104
addreg4reg4
[57763, 0.4003798717291367]
00000100

105
callreg8
[3835, -0.001214810531681179]
001001011101

106
callptr
[3548, -0.001214810531681179]
000001010001

107
orahim
[1336, 0.8202744562892247]
10101010101100

108
cmpreg4reg4
[17095, 0.146128035678238]
0110111010

109
divptr
[2070, 0.5526682161121932]
0110101110001

110
shlptrim
[747, 0.5658964818459483]
101101111100110

111
imulreg8ptr
[3529, 0.4957633647757206]
000001010000

112
jleim
[26852, 0.06694678963061322]
000000010

113
imulreg8reg8
[17347, 0.061306522277920515]
1000010000

114
jnsim.
[3059, 0.14104851014896305]
1100100110000

115
callptr.
[3966, -0.001214810531681179]
011010011010

116
subreg4reg4
[35242, 0.2473168466655694]
100001001

117
jlim.
[1396, 0.46276310467279524]
10110110001011

118
jgeim
[4742, 0.3943057240169435]
100011010110

119
andahim
[114, 1.251638220448212]
00000101010110011

120
shrreg1im
[26437, -0.001214810531681179]
000000000

121
shlreg4reg1
[16218, -0.001214810531681179]
0110101100

122
mulreg8
[5288, -0.001214810531681179]
101010101001

123
jnoim.
[388, 0.6335901237361193]
1100100110001100

124
movsxreg4ptr
[9168, 0.2409143550564389]
10000110110

125
orreg1ptr
[1174, 0.7892402225492559]
10001101000111

126
jgim
[17090, 0.078451952035938]
0110111001

127
shrreg4reg1
[2889, -0.001214810531681179]
1011011011111

128
xorreg4ptr
[13694, 0.539830991407021]
0000000111

129
orreg4reg4
[41701, -0.001214810531681179]
101010100

130
jsim.
[4945, 0.11333552228193051]
100111000110

131
jleim.
[6556, 0.10862342019411692]
110011101110

132
andreg8im
[5493, -0.001214810531681179]
101101100001

133
testreg2reg2
[1192, 0.9844664920451982]
10011000000110

134
jgim.
[3944, 0.11809931207799448]
011010011001

135
jbim.
[12098, 0.00984278915301328]
10110111111

136
callreg8.
[4652, 0.008600171761917567]
100011010000

137
notreg8
[11857, 0.3171397692046443]
10110111101

138
shrreg4im
[17931, 0.4096534158580981]
1000010110

139
subreg8ptr
[11105, 0.46988284579574313]
10110110100

140
setareg1
[3841, 0.7201593034059569]
001001011110

141
subptrim
[6219, 0.44545824646432486]
110010011001

142
cmovbreg8reg8
[5583, 0.6081855439620245]
101101101010

143
setbereg1
[700, 1.0755469613925308]
101101100011101

144
cmovbereg8reg8
[1705, 0.6232492903979004]
0000001011010

145
setaereg1
[674, 1.251638220448212]
101010101011011

146
andreg2im
[2584, 1.090270218213237]
1010100011010

147
setgreg1
[2366, 0.5112755309539682]
1000110101011

148
shlreg8reg1
[5190, 0.27163484886446565]
101010001110

149
orreg8reg8
[6960, 0.5440680443502757]
00000010111

150
shlreg4im
[6505, 0.5936268237910995]
110011101101

151
divreg8
[11340, 0.07991176679498084]
10110110110

152
shrptrim
[246, 1.5984257066728682]
0110100110110100

153
shrreg8reg1
[389, 1.2739146151593643]
1100100110001101

154
andreg8reg8
[2140, 0.8123055266179494]
0110111011100

155
andptrim
[4776, 0.6834364963812171]
100110000000

156
cmovbereg8ptr
[1305, 1.0086001717619175]
10101000111101

157
subptrreg8
[1530, 0.7331242805703245]
10110111110111

158
cmpreg1ptr
[1229, 0.7138191253749379]
10011100010100

159
setbreg1
[8018, 0.6661774909397113]
01101001110

160
cmovaereg8ptr
[284, 1.3222192947339193]
1000010111111011

161
cmpptrreg1
[10180, 0.21421172250758838]
10101000001

162
orptrreg8
[4123, 0.9398843593924577]
011010110110

163
rep
[3927, 0.25381513970248654]
011010011000

164
stosqptrreg8
[2064, 0.8123055266179494]
0110101101111

165
cmovgereg4ptr
[319, 1.1547282074401555]
1010100011001011

166
sarreg4im
[17041, 0.5440680443502757]
0110111000

167
stosqptrreg8.
[311, 0.8283923465114041]
1001110001011111

168
orreg8im
[2395, 0.5703969830726248]
1001100000010

169
imulreg8reg8im
[1479, 0.7201593034059569]
10110111110000

170
negreg4
[4901, 0.46988284579574313]
100111000100

171
negreg8
[2317, 0.7201593034059569]
1000110100010

172
cwde
[532, 1.7075701760979363]
011010111001100

173
negptr
[291, 1.511275530953968]
1000110100011010

174
cmovlereg8ptr
[71, 1.5526682161121932]
100001011111110101

175
setlreg1
[1732, 0.836664872477394]
0000001110100

176
imulreg8
[2843, -0.001214810531681179]
1011011011101

177
xorreg8reg8
[1685, 0.6661774909397113]
0000000011100

178
movsxreg2reg1
[86, 2.075546961392531]
101101100011100001

179
cmpreg2reg2
[707, 1.4387248638053565]
101101101110010

180
imulreg4reg4im
[2858, 0.8283923465114041]
1011011011110

181
imulreg4
[6273, 0.7138191253749379]
110010011011

182
movreg4ptr.
[57, 1.5526682161121932]
000001010110001000

183
movsxreg8reg1
[309, 1.251638220448212]
1001110001011100

184
cvtsi2ssxmm1reg8
[2260, 0.8624721360836796]
1000010111110

185
mulssxmm1xmm2
[762, 1.4387248638053565]
101101111101101

186
ucomissxmm0xmm1
[1149, 0.8624721360836796]
10000110111101

187
cvtsi2ssxmm0reg8
[2698, 0.8624721360836796]
1011011000000

188
andreg4ptr
[2507, 1.1724569744005873]
1001110001111

189
andptrreg8
[727, 1.2739146151593643]
101101111000101

190
cdq
[1243, 0.18905623622004886]
10011100011100

191
idivptr
[480, 1.4387248638053565]
001001011111001

192
subptrreg4
[334, 1.2739146151593643]
1010101010110100

193
movssxmm0ptr
[2740, 0.8536982117761743]
1011011000100

194
cvttss2sireg8xmm0
[1836, 0.8624721360836796]
0000010101110

195
ucomissxmm0ptr
[3375, 0.8624721360836796]
000000001101

196
movssxmm1ptr
[2528, 0.8624721360836796]
1010100011000

197
subssxmm0xmm1
[314, 1.4387248638053565]
1001110001110110

198
xorptrreg8
[118, 1.2304489213782739]
00100101111100000

199
movssptrxmm0
[556, 1.4387248638053565]
100001011110000

200
orreg8ptr
[1239, -0.001214810531681179]
10011100010110

201
addssxmm1xmm1
[1143, 0.8624721360836796]
10000110111100

202
movssxmm2ptr
[1265, 0.8624721360836796]
10011100100101

203
addssxmm0xmm0
[1333, 0.8624721360836796]
10101010101011

204
cvtsi2sdxmm0reg8
[1071, 0.7138191253749379]
01101011100111

205
addsdxmm0xmm0
[441, 0.7892402225492559]
000000111010111

206
movsdxmm1ptr
[1050, 0.9728846194953831]
01101011100100

207
mulsdxmm1xmm0
[198, 1.4065401804339552]
11001110110001000

208
divsdxmm1xmm0
[196, 1.4065401804339552]
11001110110000010

209
movapdxmm0xmm1
[267, 1.251638220448212]
0110101110011010

210
mulssxmm0xmm1
[1157, 0.8624721360836796]
10000110111111

211
subssxmm0ptr
[703, 0.8624721360836796]
101101101110001

212
ucomissxmm1xmm0
[1256, 0.8624721360836796]
10011100100100

213
addssxmm0ptr
[152, 1.1547282074401555]
10011000001110001

214
rolreg8im
[107, 1.3222192947339193]
00000010110110101

215
divssxmm0xmm1
[232, 1.1547282074401555]
0000010101111010

216
pxorxmm1xmm1
[2527, 0.7533276666586115]
1001110010011

217
cmovsreg8reg8
[47, 1.7075701760979363]
1011011110001111111

218
addssxmm0xmm1
[60, 1.4387248638053565]
001001011111011000

219
cmpreg2im
[3026, 1.0613065222779205]
1011011111010

220
orreg4ptr
[1897, 0.33256012807213814]
0010010111001

221
cmovnsreg4ptr
[2062, 1.6495782291202497]
0110101101110

222
sarptrim
[344, 1.6495782291202497]
1011011000101011

223
mulreg4
[2254, 0.7138191253749379]
1000010111101

224
movabsreg8im.
[2, 2.251638220448212]
10101000110010101000000

225
fldptr
[4063, 0.9728846194953831]
011010110100

226
fmulpst(1)
[933, 1.0341542762343057]
00000101011111

227
fstpptr
[4604, 0.9728846194953831]
100001101110

228
fucomipst(1)
[1328, 1.0341542762343057]
10101010101001

229
fstpst(0)
[1649, 1.021189299069938]
0000000011000

230
fildptr
[3724, 0.9844664920451982]
001001011010

231
fdivpst(1)
[1604, 1.0341542762343057]
11001110110010

232
xorptrreg4
[80, 2.251638220448212]
101010001100101011

233
jpim
[418, 1.105510184769974]
000000001100110

234
faddpst(1)
[359, 1.5984257066728682]
1011011110001000

235
fnstcwptr
[746, 1.0341542762343057]
101101111100100

236
fldcwptr
[1492, 1.0341542762343057]
10110111110001

237
fistpptr
[746, 1.0341542762343057]
101101111100101

238
fsubpst(1)
[30, 1.5984257066728682]
0010010111110000111

239
addreg4reg4.
[59, 1.5526682161121932]
001001011111000010

240
fld1
[149, 1.3222192947339193]
10001101010101010

241
jpim.
[72, 1.3222192947339193]
100001011111110111

242
rolreg4im
[20448, 1.5984257066728682]
1010100001

243
rorptrim
[2064, 2.075546961392531]
0110101110000

244
rolptrim
[908, 2.075546961392531]
00000101010111

245
addptrreg4.
[8, 2.075546961392531]
011010011011110010101

246
rorptrim.
[8, 2.075546961392531]
011010111001010001000

247
xorreg4reg4.
[79, 1.5984257066728682]
101010001100100001

248
xorreg4ptr.
[32, 1.7075701760979363]
0110101110010100000

249
movreg4reg4.
[105, 1.5984257066728682]
00000000110010111

250
addptrim.
[2, 2.075546961392531]
10101000110010101000001

251
addreg8reg8.
[4, 2.075546961392531]
0110100110111100101001

252
movreg8ptr.
[4, 2.075546961392531]
1000010001001000101000

253
notreg4.
[8, 1.8536982117761744]
011010111001010001001

254
movptrreg8.
[8, 2.075546961392531]
011010111001010001010

255
addreg4im.
[4, 2.075546961392531]
1000010001001000101001

256
rolreg4im.
[62, 1.5984257066728682]
011010011011011100

257
subreg4im.
[4, 2.075546961392531]
1000010001001000101010

258
movptrreg4.
[16, 1.5984257066728682]
01101001101111001011

259
andreg4ptr.
[4, 2.075546961392531]
1000010001001000101011

260
movsdxmm0ptr
[1634, 1.0755469613925308]
11001110111100

261
movsdptrxmm0
[1290, 1.1547282074401555]
10101000110011

262
setlereg1
[336, 1.1909403800946003]
1011011000001100

263
movqreg8xmm0
[311, 1.511275530953968]
1001110001110100

264
cvttsd2sireg8xmm0
[223, 1.2304489213782739]
0000010101010111

265
subsdxmm1xmm0
[7, 2.075546961392531]
000001010110001011000

266
mulsdxmm0xmm1
[280, 1.4065401804339552]
1000010111100010

267
ucomisdxmm1xmm0
[240, 1.251638220448212]
0010010111110001

268
pxorxmm0xmm0
[2600, 0.7331242805703245]
1010100011011

269
ucomisdxmm0ptr
[470, 1.210245535289987]
001001011100010

270
ucomisdxmm0xmm1
[293, 1.376576957056512]
1000110101010100

271
andptrreg4
[308, 1.5984257066728682]
1001100000111011

272
imulreg4reg4
[459, 0.7967933604397018]
000001010110010

273
idivreg4
[756, 1.1376948681413752]
101101111101100

274
cmovlreg4reg4
[183, 1.2973957110088872]
10110111100011010

275
cmovgreg8reg8
[315, 1.4065401804339552]
1001110001110111

276
movsqptrptr
[887, 0.9191997605326067]
00000101010100

277
movsqptrptr.
[184, 0.9398843593924577]
10110111100011011

278
movsxreg4reg2
[607, 1.5984257066728682]
100110000001111

279
cmovsreg4reg4
[424, 1.0086001717619175]
000000001100111

280
shrreg2im
[3388, 0.11809931207799448]
000000001111

281
xorreg1ptr
[232, 1.5526682161121932]
0000010101111011

282
sarreg4reg1
[41, 1.8536982117761744]
1010101010100001011

283
movsxreg8reg2
[93, 1.8536982117761744]
101101111000111101

284
cmovlereg4reg4
[122, 1.4734869700645685]
01101001101100110

285
cvtss2sdxmm0xmm0
[2, 2.251638220448212]
10110110001110000011100

286
imulreg4ptr
[83, 1.090270218213237]
101010101010001001

287
movapdxmm1xmm0
[94, 1.5984257066728682]
101101111100111000

288
divsdxmm0xmm1
[598, 0.9294189257142927]
100011010101011

289
subsdxmm0xmm1
[57, 1.6495782291202497]
000001010110001001

290
cmovaereg8reg8
[2611, 0.6283889300503115]
1010100011111

291
mulsdxmm0ptr
[547, 0.8899103844306191]
100001000100110

292
orreg1im
[428, 0.9398843593924577]
000000101101100

293
addsdxmm0ptr
[268, 1.7075701760979363]
0110101110011011

294
movqxmm1ptr
[194, 1.7075701760979363]
11001001100010111

295
xorpdxmm0xmm1
[54, 1.8536982117761744]
000000111010110110

296
divsdxmm0ptr
[103, 1.5984257066728682]
00000000110010100

297
cvtsi2sdxmm0ptr
[40, 1.9506082247842307]
1010100011001010101

298
addsdxmm0xmm1
[108, 1.7075701760979363]
00000010110110111

299
sarreg1im
[5, 2.075546961392531]
1010100011001010100001

300
cmovareg8reg8
[3409, 0.6181697648686255]
000000101100

301
setnpreg1
[60, 1.8536982117761744]
001001011111011001

302
cmovnereg4reg4
[15798, 0.41912930774197565]
0110100101

303
repne
[12114, 0.4159476489557864]
11001001000

304
scasbreg1ptr
[10150, 0.4159476489557864]
10101000000

305
movqxmm0ptr
[123, 1.7075701760979363]
01101001101100111

306
andpdxmm0xmm1
[39, 2.075546961392531]
1001110001110101110

307
movsdxmm2ptr
[356, 1.4387248638053565]
1011011011100110

308
subsdxmm2xmm0
[21, 1.9506082247842307]
10101010101101010010

309
movapdxmm0xmm2
[138, 1.9506082247842307]
10000100011010011

310
movsdptrxmm2
[137, 1.5526682161121932]
10000100011010001

311
.
[4, -0.001214810531681179]
1000010001101100110100

312
andreg1ptr
[4677, 0.5483468423295506]
100011010100

313
testptrreg4
[12219, 0.11969892523778743]
11001001001

314
testptrim
[26000, 0.35401112915777055]
1100111010

315
stosdptrreg4.
[25, 1.9506082247842307]
11001110110011000010

316
cmovereg4reg4
[5042, 0.11969892523778743]
100111001000

317
stosdptrreg4
[136, 1.7075701760979363]
10000100010010011

318
cmovereg8reg8
[13479, 0.11969892523778743]
0000000110

319
testreg1im
[15560, 0.4919703757585815]
0110100100

320
testreg4im
[4774, 0.7201593034059569]
100011010111

321
movsxdreg8ptr
[14170, 0.2604121447557171]
0000001111

322
testreg8im
[25, 2.075546961392531]
11001110110011000011

323
cmovnereg8reg8
[6969, 0.11969892523778743]
00000011100

324
btreg8reg8
[2689, 0.2671109071044194]
1010101010111

325
nopptr.
[2174, 0.31211896782959353]
1000010001011

326
addreg8ptr
[35737, 0.31462211298339776]
100001010

327
andptrreg2
[276, 1.3485482334562684]
1000010001101010

328
sbbreg4reg4
[8066, 0.5273623508474229]
01101001111

329
sbbreg8reg8
[868, 0.7745169657285496]
00000010110111

330
orreg1reg1
[851, 0.9191997605326067]
00000000111010

331
setbeptr
[112, 1.511275530953968]
00000101010110000

332
testptrreg8
[788, 1.3485482334562684]
110011101100001

333
sbbreg8im
[578, 1.021189299069938]
100001101111101

334
orreg2ptr
[176, 1.3485482334562684]
10110110001110010

335
notptr
[510, 1.3485482334562684]
011010011011111

336
repe
[4309, 0.746488242128306]
011011101101

337
cmpsbptrptr
[3762, 0.746488242128306]
001001011011

338
movdquxmm0ptr
[363, 1.3485482334562684]
1011011110001100

339
movdqaxmm1ptr
[319, 1.4734869700645685]
1010101010100000

340
movupsptrxmm1
[139, 1.4387248638053565]
10000100011011010

341
cmovnereg8ptr
[262, 1.251638220448212]
0110101110010101

342
movsdptrptr
[276, 1.210245535289987]
1000010001101011

343
cmovgreg4reg4
[577, 0.8899103844306191]
100001101111100

344
movhpsxmm0ptr
[92, 1.7745169657285496]
101101111000111100

345
paddqxmm0xmm1
[283, 1.7745169657285496]
1000010111111010

346
cmpsbptrptr.
[547, 0.7673383811014262]
100001000100111

347
btreg4reg4
[512, 1.1547282074401555]
011010110101110

348
movhpsxmm1ptr
[117, 1.7745169657285496]
00100101110000110

349
movqxmm2ptr
[53, 1.7745169657285496]
000000001110110010

350
punpcklqdqxmm2xmm2
[53, 1.7745169657285496]
000000001110110011

351
movdqaxmm0ptr
[498, 1.4065401804339552]
011010011011100

352
movdqaxmm3xmm2
[86, 1.7075701760979363]
101101100011100010

353
paddqxmm3xmm1
[76, 1.7745169657285496]
100110000011100100

354
paddqxmm1xmm0
[179, 1.7745169657285496]
10110110111001110

355
andchim
[101, 1.2973957110088872]
110011101100110001

356
cmovgereg4reg4
[390, 0.9963657153449059]
1100111011000000

357
imulreg8ptrim
[333, 1.1724569744005873]
1010101010100011

358
movreg1ptr
[82, 1.7745169657285496]
101010101010000110

359
cmovnereg4ptr
[443, 1.1547282074401555]
000001010101010

360
paddqxmm0ptr
[244, 1.7745169657285496]
0010010111110111

361
punpcklqdqxmm1xmm1
[53, 1.7745169657285496]
000000101101101000

362
psubqxmm0xmm1
[53, 1.7745169657285496]
000000101101101001

363
movdqaxmm1xmm0
[177, 1.5984257066728682]
10110110001110011

364
psrldqxmm1im
[171, 1.6495782291202497]
10110110000011011

365
movsdptrptr.
[75, 1.2304489213782739]
100110000011100000

366
scasbreg1ptr.
[1964, 0.42556341774738554]
0010010111111

367
seteptr
[370, 1.0341542762343057]
1011011110001110

368
movsxreg2ptr
[555, 1.7075701760979363]
100001000110111

369
movsxreg8ptr
[1835, 1.105510184769974]
0000010101101

370
setgereg1
[480, 1.3222192947339193]
001001011111010

371
testreg2im
[95, 2.075546961392531]
110010011000100001

372
cmovereg8ptr
[1025, 0.8044801891059927]
01101011010110

373
andreg1im
[401, 1.251638220448212]
1100111011000110

374
cmovnsreg8reg8
[135, 1.376576957056512]
10000100010010010

375
cmovlereg8reg8
[198, 1.2304489213782739]
11001110110001001

376
imulreg4ptrim
[284, 1.1547282074401555]
1000010111111100

377
addreg4ptr
[3505, 0.9398843593924577]
000000111011

378
addreg1reg1
[233, 1.4387248638053565]
0010010111000001

379
movdquxmm1ptr
[156, 1.4387248638053565]
10011100011101010

380
imulptr
[131, 1.7075701760979363]
01101011100101001

381
orptrreg1
[488, 1.210245535289987]
011010011011000

382
ucomissxmm2ptr
[216, 1.4387248638053565]
0000001110101100

383
pxorxmm4xmm4
[200, 1.2973957110088872]
11001110110001011

384
mulssxmm4xmm1
[258, 1.4387248638053565]
0110101101011110

385
ucomissxmm4xmm0
[258, 1.4387248638053565]
0110101101011111

386
movssxmm5ptr
[234, 1.4387248638053565]
0010010111000010

387
mulssxmm1xmm5
[202, 1.4387248638053565]
11001110110011001

388
mulssxmm2xmm1
[302, 1.4387248638053565]
1001100000011100

389
cvttss2sireg8xmm2
[145, 1.4387248638053565]
10001101000110011

390
subssxmm1ptr
[77, 1.4387248638053565]
100110000011100110

391
cvttss2sireg8xmm1
[150, 1.4387248638053565]
10001101010101011

392
cvtsi2sdxmm1reg8
[700, 0.9191997605326067]
101101101110000

393
addsdxmm1xmm1
[287, 0.9191997605326067]
1000010111111111

394
ucomissxmm2xmm0
[254, 1.4387248638053565]
0110100110111101

395
movssxmm3ptr
[289, 0.9844664920451982]
1000110100011000

396
ucomissxmm3xmm2
[138, 0.9844664920451982]
10000100011011000

397
pxorxmm2xmm2
[683, 0.8624721360836796]
101101100000111

398
cvtsi2ssxmm2reg8
[499, 0.9844664920451982]
011010011011101

399
mulssxmm0xmm2
[342, 1.4387248638053565]
1011011000101010

400
ucomissxmm3xmm0
[427, 1.4387248638053565]
000000001110111

401
movssxmm4ptr
[302, 1.4387248638053565]
1001100000011101

402
ucomissxmm4ptr
[117, 1.4387248638053565]
00100101110000111

403
ucomissxmm3xmm4
[57, 1.4387248638053565]
000001010110001010

404
addssxmm3ptr
[52, 1.4387248638053565]
000000001100101011

405
ucomissxmm5xmm3
[52, 1.4387248638053565]
000000001100101100

406
ucomissxmm1ptr
[457, 0.9844664920451982]
000001010110000

407
movapsxmm0xmm2
[307, 1.4387248638053565]
1001100000111010

408
movapsxmm0xmm1
[116, 1.4387248638053565]
00000101011001111

409
mulssxmm2xmm4
[190, 1.4387248638053565]
11001001100010001

410
anddhim
[168, 1.1547282074401555]
10101010101101011

411
setgptr
[39, 1.5526682161121932]
1001110001110101111

412
ucomissxmm2xmm3
[455, 0.9844664920451982]
000001010101101

413
subssxmm2ptr
[74, 1.4387248638053565]
100011010001101111

414
movssxmm6ptr
[94, 1.4387248638053565]
101101111100111001

415
ucomissxmm6xmm5
[94, 1.4387248638053565]
101101111100111010

416
pxorxmm3xmm3
[248, 1.2973957110088872]
0110100110110101

417
cvtsi2ssxmm3reg8
[194, 1.4387248638053565]
11001001100011110

418
addssxmm3xmm3
[112, 1.4387248638053565]
00000101010110001

419
movapsxmm2xmm0
[310, 1.1547282074401555]
1001110001011110

420
addssxmm2xmm0
[107, 1.4387248638053565]
00000010110110110

421
movapsxmm2xmm3
[191, 1.4387248638053565]
11001001100010010

422
addssxmm1ptr
[139, 0.9844664920451982]
10000100011011011

423
ucomissxmm5xmm1
[47, 1.4387248638053565]
1100100110001000000

424
movapsxmm0ptr
[24, 1.4387248638053565]
11001001100010000011

425
movupsptrxmm0
[229, 1.4065401804339552]
0000010101100011

426
ucomissxmm4xmm2
[69, 1.4387248638053565]
100001000110100101

427
andptrreg1
[1231, 1.0613065222779205]
10011100010101

428
xorreg8im
[31, 1.8536982117761744]
0110100110110111100

429
testahim
[686, 1.1909403800946003]
101101100010100

430
setneptr
[566, 0.961603609085694]
100001011110011

431
testdhim
[285, 1.2973957110088872]
1000010111111110

432
cmovnsreg4reg4
[5266, 1.0755469613925308]
101010101000

433
divreg4
[591, 0.8536982117761743]
100011010101001

434
xorptrreg1
[408, 1.9506082247842307]
000000001100100

435
movdxmm1ptr
[108, 1.9506082247842307]
00000011101011010

436
movdxmm2ptr
[29, 2.251638220448212]
0000010101100010111

437
movdxmm0ptr
[111, 1.8536982117761744]
00000101010101101

438
movdxmm3ptr
[79, 1.9506082247842307]
101010001100100010

439
punpckldqxmm1xmm2
[29, 2.251638220448212]
0010010111000000010

440
punpckldqxmm0xmm3
[79, 1.9506082247842307]
101010001100100011

441
punpcklqdqxmm0xmm1
[58, 2.251638220448212]
001001011100000000

442
movdxmm4ptr
[79, 1.9506082247842307]
101010001100101000

443
punpckldqxmm1xmm4
[79, 1.9506082247842307]
101010001100101001

444
movdxmm5ptr
[29, 2.251638220448212]
0010010111000000011

445
punpckldqxmm0xmm5
[29, 2.251638220448212]
0010010111000000100

446
fstpst(2)
[567, 1.3222192947339193]
100001011111100

447
fxchst(1)
[2050, 1.1547282074401555]
0110101101010

448
fdivrpst(1)
[389, 1.3222192947339193]
1100100110001110

449
fldst(0)
[1226, 1.1547282074401555]
10011000001111

450
faddptr
[1637, 1.1547282074401555]
11001110111101

451
setpreg1
[565, 1.1547282074401555]
100001011110010

452
fldst(1)
[45, 1.5984257066728682]
1011011110001001100

453
fmulst(3)
[45, 1.5984257066728682]
1011011110001001101

454
fucomist(1)
[476, 1.1547282074401555]
001001011100011

455
fstpst(1)
[309, 1.1547282074401555]
1001110001011101

456
fucomipst(2)
[179, 1.3222192947339193]
10110110111001111

457
pxorxmm0ptr
[94, 2.251638220448212]
101101111100111011

458
fstpst(3)
[281, 1.3222192947339193]
1000010111100011

459
fxchst(2)
[464, 1.3222192947339193]
000001010111100

460
fldst(2)
[136, 1.5984257066728682]
10000100011010000

461
fmulst(2)
[401, 1.1547282074401555]
1100111011000111

462
fsubrst(1)st(0)
[248, 1.3222192947339193]
0110100110110110

463
ordhim
[27, 1.8536982117761744]
0000001110101101110

464
fmulst(1)
[99, 1.1547282074401555]
110010011000111111

465
fucomist(2)
[213, 1.3222192947339193]
0000000011101101

466
fmulst(1)st(0)
[378, 1.1547282074401555]
1011011111001111

467
fsubrst(2)st(0)
[115, 1.3222192947339193]
00000101011001110

468
rorreg4im
[9368, 1.7075701760979363]
10001101001

469
orreg4reg4.
[18, 1.5984257066728682]
10001101000110010000

470
bswapreg4
[1402, 1.8536982117761744]
10110110001111

471
movdqaxmm2xmm1
[56, 1.9506082247842307]
000001010101011001

472
punpcklqdqxmm2xmm0
[50, 2.075546961392531]
1100111011000101010

473
movupsptrxmm2
[50, 2.075546961392531]
1100111011000101011

474
leareg4im.
[33, 1.7075701760979363]
0110101110010100011

475
testptrreg1
[64, 1.7075701760979363]
011010011011110011

476
andreg4reg4.
[6, 1.8536982117761744]
1011011000111000001111

477
rorreg4im.
[12, 1.8536982117761744]
110010011000101011000

478
adcreg8im
[56, 1.8536982117761744]
000001010101100100

479
movsdptrxmm1
[317, 1.5526682161121932]
1010100011001001

480
ucomisdxmm0xmm3
[28, 1.8536982117761744]
0000010101011001010

481
cvttsd2sireg8xmm1
[87, 1.5984257066728682]
101101100011100011

482
ucomisdxmm1xmm3
[39, 1.8536982117761744]
1010100011001000000

483
movsdxmm4ptr
[126, 1.6495782291202497]
01101001101111000

484
cvtsi2sdxmm2reg8
[31, 1.7075701760979363]
0110100110110111101

485
subsdxmm1xmm2
[31, 1.7075701760979363]
0110100110110111110

486
ucomisdxmm0xmm2
[145, 1.4734869700645685]
10001101000110110

487
mulsdxmm1xmm4
[20, 1.8536982117761744]
10101000110010101001

488
ucomisdxmm4xmm1
[17, 1.8536982117761744]
10000100010010001011

489
cmovbreg4reg4
[33, 1.8536982117761744]
1000010001001000100

490
sbbreg4im
[15, 2.251638220448212]
00100101111100001101

491
cmovareg4reg4
[62, 1.7075701760979363]
011010011011011101

492
movdqaxmm2xmm0
[15, 2.075546961392531]
00100101111101101100

493
psrldqxmm2im
[9, 2.251638220448212]
100001000110110011011

494
movdqaxmm1xmm2
[25, 1.9506082247842307]
11001110110011111000

495
psrlqxmm2im
[9, 2.251638220448212]
100011010001100100100

496
pmuludqxmm1xmm0
[9, 2.251638220448212]
100011010001100100101

497
psrlqxmm0im
[9, 2.251638220448212]
100011010001100100110

498
pshufdxmm1xmm1im
[9, 2.251638220448212]
100011010001100100111

499
pmuludqxmm0xmm2
[9, 2.251638220448212]
100011010001100101000

500
pshufdxmm0xmm0im
[9, 2.251638220448212]
100011010001100101001

501
punpckldqxmm1xmm0
[9, 2.251638220448212]
100011010001100101010

502
movdqaxmm0xmm1
[9, 2.251638220448212]
100011010001100101011

503
pmuludqxmm0xmm1
[9, 2.251638220448212]
100011010001100101100

504
movdreg4xmm0
[17, 2.075546961392531]
10000100011011001100

505
pslldxmm0im
[9, 2.251638220448212]
100011010001100101101

506
pslldxmm1im
[9, 2.251638220448212]
100011010001100101110

507
padddxmm0xmm1
[45, 2.075546961392531]
1011011110001001110

508
setbptr
[93, 1.5526682161121932]
101101111000111110

509
cmovsreg8ptr
[35, 2.075546961392531]
1000010001101100111

510
pxorxmm9xmm9
[3, 2.251638220448212]
10110110001110000011101

511
pxorxmm7xmm7
[77, 1.8536982117761744]
100110000011100111

512
movdqaxmm6ptr
[3, 2.251638220448212]
11001001100011111011010

513
pxorxmm5xmm5
[82, 1.9506082247842307]
101010101010000111

514
movdqaxmm12ptr
[3, 2.251638220448212]
11001001100011111011011

515
punpcklbwxmm0xmm0
[3, 2.251638220448212]
11001001100011111011100

516
movdqaxmm10ptr
[3, 2.251638220448212]
11001001100011111011101

517
punpcklwdxmm0xmm0
[3, 2.251638220448212]
11001001100011111011110

518
movdqaxmm11ptr
[3, 2.251638220448212]
11001001100011111011111

519
pshufdxmm8xmm0im
[3, 2.251638220448212]
0000000011001010100000

520
movdqaxmm2xmm6
[6, 2.251638220448212]
1100100110001011001000

521
movdqaxmm1xmm6
[6, 2.251638220448212]
1100100110001011001001

522
padddxmm0xmm6
[6, 2.251638220448212]
1100100110001011001010

523
punpcklwdxmm2xmm0
[6, 2.251638220448212]
1100100110001011001011

524
punpckhwdxmm1xmm0
[6, 2.251638220448212]
1100100110001011001100

525
movdqaxmm3xmm6
[6, 2.251638220448212]
1100100110001011001101

526
movdqaxmm0xmm2
[16, 2.075546961392531]
01101011100101000010

527
punpckhwdxmm2xmm1
[6, 2.251638220448212]
1100100110001011001110

528
padddxmm3xmm12
[6, 2.251638220448212]
1100100110001011001111

529
punpcklwdxmm0xmm1
[6, 2.251638220448212]
1100100110001011010000

530
padddxmm1xmm6
[6, 2.251638220448212]
1100100110001011010001

531
padddxmm6ptr
[6, 2.251638220448212]
1100100110001011010010

532
punpcklwdxmm0xmm2
[6, 2.251638220448212]
1100100110001011010011

533
punpcklwdxmm1xmm3
[12, 2.251638220448212]
110010011000101011001

534
punpckhwdxmm2xmm3
[6, 2.251638220448212]
1100100110001011010100

535
movdqaxmm3xmm1
[12, 2.251638220448212]
110010011000101011010

536
pandxmm0xmm10
[6, 2.251638220448212]
1100100110001011010101

537
punpckhwdxmm3xmm2
[6, 2.251638220448212]
1100100110001011010110

538
punpcklwdxmm1xmm2
[6, 2.251638220448212]
1100100110001011010111

539
pandxmm1xmm10
[6, 2.251638220448212]
1100100110001011011000

540
packuswbxmm0xmm1
[27, 2.075546961392531]
0000001110101101111

541
pcmpeqbxmm0xmm8
[6, 2.251638220448212]
1100100110001011011001

542
pandxmm0xmm11
[6, 2.251638220448212]
1100100110001011011010

543
punpckhbwxmm0xmm9
[6, 2.251638220448212]
1100100110001011011011

544
punpcklbwxmm1xmm9
[6, 2.251638220448212]
1100100110001011011100

545
movdqaxmm13xmm1
[12, 2.251638220448212]
110010011000101011011

546
punpckhwdxmm1xmm7
[6, 2.251638220448212]
1100100110001011011101

547
punpcklwdxmm2xmm7
[6, 2.251638220448212]
1100100110001011011110

548
punpcklwdxmm13xmm7
[6, 2.251638220448212]
1100100110001011011111

549
punpckhwdxmm0xmm7
[6, 2.251638220448212]
1100100110001111100000

550
movdqaxmm3xmm13
[6, 2.251638220448212]
1100100110001111100001

551
punpckhdqxmm13xmm5
[12, 2.251638220448212]
110010011000101011100

552
punpckldqxmm3xmm5
[12, 2.251638220448212]
110010011000101011101

553
paddqxmm4xmm3
[12, 2.251638220448212]
110010011000101011110

554
paddqxmm4xmm13
[12, 2.251638220448212]
110010011000101011111

555
punpckldqxmm1xmm5
[6, 2.251638220448212]
1100100110001111100010

556
punpckhdqxmm2xmm5
[6, 2.251638220448212]
1100100110001111100011

557
paddqxmm1xmm4
[6, 2.251638220448212]
1100100110001111100100

558
movdqaxmm4xmm0
[6, 2.251638220448212]
1100100110001111100101

559
punpckhdqxmm0xmm5
[6, 2.251638220448212]
1100100110001111100110

560
paddqxmm1xmm2
[6, 2.251638220448212]
1100100110001111100111

561
punpckldqxmm4xmm5
[6, 2.251638220448212]
1100100110001111101000

562
paddqxmm4xmm1
[6, 2.251638220448212]
1100100110001111101001

563
paddqxmm4xmm0
[13, 2.251638220448212]
00000000110010101001

564
movdqaxmm0xmm4
[7, 2.251638220448212]
000001010110001011001

565
psrldqxmm0im
[7, 2.251638220448212]
000001010110001011010

566
movqreg8xmm4
[7, 2.251638220448212]
000001010110001011011

567
xorptrim
[26, 1.9506082247842307]
0000000011001010101

568
increg8
[78, 1.9506082247842307]
100111000111010110

569
decreg8
[21, 1.9506082247842307]
10101010101101010011

570
andreg1reg1
[192, 1.6495782291202497]
11001001100010011

571
movdqaxmm5ptr
[14, 2.251638220448212]
00000101010101100011

572
movdqaxmm4ptr
[31, 2.075546961392531]
0110100110110111111

573
movdqaxmm3ptr
[14, 2.251638220448212]
00000101010110010110

574
pandxmm0xmm5
[21, 2.251638220448212]
10101010101101010100

575
pandxmm1xmm5
[21, 2.251638220448212]
10101010101101010101

576
pcmpeqwxmm0xmm2
[21, 2.251638220448212]
10101010101101010110

577
pcmpeqwxmm1xmm2
[21, 2.251638220448212]
10101010101101010111

578
pandnxmm0xmm4
[21, 2.251638220448212]
10110110000011010000

579
pandnxmm1xmm4
[21, 2.251638220448212]
10110110000011010001

580
pandxmm0xmm3
[21, 2.251638220448212]
10110110000011010010

581
pandxmm1xmm3
[21, 2.251638220448212]
10110110000011010011

582
cvtss2sdxmm0ptr
[25, 1.9506082247842307]
11001110110011111001

583
maxsdxmm1xmm0
[34, 2.075546961392531]
1000010001001000110

584
ucomisdxmm2xmm1
[34, 2.075546961392531]
1000010001001000111

585
ucomisdxmm1ptr
[134, 1.5984257066728682]
10000100010010000

586
subsdxmm0ptr
[29, 1.8536982117761744]
0010010111000000101

587
ucomisdxmm1xmm2
[105, 1.8536982117761744]
00000000111011000

588
ucomisdxmm0xmm0
[18, 1.9506082247842307]
10001101000110010001

589
ucomisdxmm1xmm1
[15, 1.9506082247842307]
00100101111101101101

590
cmovbereg4reg4
[40, 1.9506082247842307]
1010101010100001000

591
addsdxmm1xmm0
[99, 1.7745169657285496]
110011101100010100

592
xorpdxmm1xmm2
[48, 1.9506082247842307]
1100100110001010100

593
movsdxmm3ptr
[83, 1.7075701760979363]
101010101010001010

594
movapdxmm4xmm1
[60, 2.075546961392531]
001001011111011010

595
subsdxmm4xmm3
[41, 2.075546961392531]
1010101010100010000

596
ucomisdxmm0xmm4
[41, 2.075546961392531]
1010101010100010001

597
movapdxmm5xmm1
[12, 2.075546961392531]
110010011000101100000

598
cmpltsdxmm5xmm0
[12, 2.075546961392531]
110010011000101100001

599
movapdxmm0xmm5
[12, 2.075546961392531]
110010011000101100010

600
andpdxmm0xmm3
[12, 2.075546961392531]
110010011000101100011

601
addsdxmm4xmm3
[19, 2.075546961392531]
10011000001110010100

602
ucomisdxmm4xmm0
[19, 2.075546961392531]
10011000001110010101

603
cmovereg4ptr
[70, 1.7075701760979363]
100001011111110100

604
movsdptrxmm4
[7, 1.9506082247842307]
001001011111000011000

605
cmovgereg8reg8
[90, 1.5526682161121932]
101101111000100100

606
movdqaxmm2ptr
[10, 2.251638220448212]
101010001100101010001

607
punpckhbwxmm2xmm5
[10, 2.251638220448212]
101010101010000100110

608
punpcklbwxmm3xmm5
[10, 2.251638220448212]
101010101010000100111

609
movdqaxmm1xmm3
[10, 2.251638220448212]
101010101010000101000

610
punpckhwdxmm3xmm4
[10, 2.251638220448212]
101010101010000101001

611
punpcklwdxmm1xmm4
[20, 2.251638220448212]
10101010101000010010

612
padddxmm0xmm3
[10, 2.251638220448212]
101010101010000101010

613
padddxmm1xmm0
[10, 2.251638220448212]
101010101010000101011

614
punpckhwdxmm0xmm4
[10, 2.251638220448212]
101101100011100000100

615
ucomisdxmm4xmm2
[85, 2.075546961392531]
101101100000110101

616
ucomisdxmm2xmm0
[50, 1.9506082247842307]
1100111011001100000

617
pxorxmm6xmm6
[24, 2.075546961392531]
11001001100010101010

618
ucomisdxmm6xmm2
[15, 2.075546961392531]
00100101111101101110

619
movsdptrxmm6
[39, 1.9506082247842307]
1010100011001000001

620
andpdxmm2ptr
[34, 2.075546961392531]
1000010001101001000

621
mulsdxmm0xmm2
[29, 2.075546961392531]
0010010111000000110

622
movapdxmm2xmm1
[51, 1.9506082247842307]
1100111011001111101

623
movapdxmm7xmm1
[11, 2.075546961392531]
101101100011100000101

624
subsdxmm7xmm0
[27, 1.9506082247842307]
0000010101010110000

625
movapdxmm0xmm7
[37, 1.9506082247842307]
1001100000111000010

626
divsdxmm0xmm2
[19, 2.075546961392531]
10011000001110010110

627
andpdxmm0ptr
[24, 2.075546961392531]
11001001100010101011

628
addsdxmm1ptr
[90, 1.9506082247842307]
101101111000100101

629
movsdptrxmm3
[34, 1.8536982117761744]
1000010001101001001

630
movsdptrxmm7
[102, 1.9506082247842307]
110011101100111111

631
xorreg1reg1
[6, 2.075546961392531]
1100100110001111101010

632
cmovlereg4ptr
[21, 1.9506082247842307]
10110110001110000000

633
cmovlreg8reg8
[83, 1.9506082247842307]
101010101010001011

634
setaptr
[46, 1.7745169657285496]
1011011110001001111

635
rolreg8reg1
[46, 1.511275530953968]
1011011110001111110

636
testchim
[196, 1.5984257066728682]
11001110110000011

637
mulssxmm2ptr
[203, 1.4387248638053565]
11001110110011100

638
ucomissxmm2xmm1
[540, 1.1547282074401555]
100001000100101

639
mulssxmm1ptr
[868, 1.1547282074401555]
00000011101010

640
divssxmm0ptr
[229, 1.1547282074401555]
0000010101100110

641
movapsxmm3xmm1
[202, 1.4387248638053565]
11001110110011010

642
mulssxmm3xmm0
[202, 1.4387248638053565]
11001110110011011

643
mulssxmm0ptr
[584, 1.1547282074401555]
100011010101000

644
addssxmm2xmm2
[192, 1.1547282074401555]
11001001100010100

645
movreg1im
[31, 1.9506082247842307]
0110100110111100100

646
fxchst(3)
[265, 1.3222192947339193]
0110101110010110

647
fucomist(3)
[265, 1.3222192947339193]
0110101110010111

648
orchim
[13, 2.075546961392531]
00000000110010110110

649
fsubptr
[38, 1.5984257066728682]
1001100000111000011

650
mulsdxmm1ptr
[11, 2.075546961392531]
101101100011100000110

651
maxsdxmm2xmm0
[13, 2.251638220448212]
00000000110010110111

652
ucomisdxmm3xmm2
[13, 2.251638220448212]
00000101010101100010

653
ucomisdxmm2ptr
[8, 2.251638220448212]
011010111001010001011

654
cvttsd2sireg8xmm2
[6, 2.251638220448212]
1100100110001111101011

655
subsdxmm2ptr
[14, 2.251638220448212]
00000101010110010111

656
addsdxmm2ptr
[41, 2.075546961392531]
1010101010110101000

657
movapdxmm3xmm1
[3, 2.251638220448212]
0000000011001010100001

658
cmpltsdxmm3xmm0
[3, 2.251638220448212]
0000000011001010100010

659
movapdxmm0xmm3
[3, 2.251638220448212]
0000000011001010100011

660
andpdxmm0xmm2
[3, 2.251638220448212]
0110100110111100101000

661
cvtsi2sdxmm1reg4
[23, 2.251638220448212]
11001001100010000010

662
ucomisdxmm5xmm0
[69, 2.251638220448212]
100001000110110010

663
movsdxmm7ptr
[73, 2.251638220448212]
100011010001101110

664
andpdxmm7xmm0
[19, 2.251638220448212]
10011000001110010111

665
movsdxmm6ptr
[36, 2.251638220448212]
1000010111111101101

666
ucomisdxmm6ptr
[29, 2.251638220448212]
0010010111000000111

667
ucomisdxmm7ptr
[26, 2.251638220448212]
0000000011001011010

668
ucomisdxmm4ptr
[21, 2.251638220448212]
10110110001110000001

669
divsdxmm0xmm6
[7, 2.251638220448212]
001001011111000011001

670
addsdxmm3ptr
[15, 2.251638220448212]
00100101111101101111

671
ucomisdxmm7xmm0
[9, 2.251638220448212]
100011010001100101111

672
addsdxmm0xmm7
[6, 2.251638220448212]
1100100110001111101100

673
divsdxmm0xmm7
[4, 2.251638220448212]
1000010001101100110101

674
movapsxmm3xmm0
[203, 1.4387248638053565]
11001110110011101

675
mulssxmm3xmm1
[203, 1.4387248638053565]
11001110110011110

676
mulssxmm2xmm0
[245, 1.4387248638053565]
0110100110110010

677
andbhim
[16, 2.251638220448212]
01101011100101000011

678
testbhim
[35, 2.251638220448212]
1000010111111101100

